FC 0D 00 00 00 02 01 00 01 00 94 C7 5A  

FC 2B 00 00 00 01 02 00 00 00 00 FF FF FF FC FF FF FF FD 00 51 00 59 00 00 01 00 00 FF 9E 00 67 00 3E 02 16 00 13 00 00 57 99 5A 

FC 0D 00 00 00 02 01 00 02 00 94 37 5A 

FC 2B 00 00 00 01 02 00 00 00 00 00 00 05 78 00 00 0B AB 00 00 00 00 00 00 01 00 00 03 55 03 6A 00 00 02 1A 00 68 00 00 A2 B5 5A  

FC 0D 00 00 00 02 01 00 03 00 95 A7 5A 

FC 2B 00 00 00 01 02 00 00 00 00 00 00 07 BC 00 00 08 10 01 0C 01 0C 00 00 01 00 00 00 29 00 8E 00 00 02 16 00 0B 00 00 D6 96 5A  

FC 0D 00 00 00 02 01 00 04 00 97 97 5A  

FC 2B 00 00 00 01 02 00 00 00 00 00 00 07 D0 00 00 0A 24 00 59 00 59 00 00 01 00 00 02 BA 02 BF 00 00 02 19 00 4B 00 00 E2 3D 5A  

FC 0D 00 00 00 02 01 00 05 00 96 07 5A 

FC 2B 00 00  
